NSE: 0.728813559322034
KGE: 0.5611768724900564
RMSE: 1.0
Bias: 0.0
R: 0.9258889211887232
logNSE: 0.7354088937076328
